5 0.487110 0.310547 0.106020 0.177204
5 0.123470 0.307857 0.241020 0.305623
5 0.403630 0.308541 0.092500 0.199453
5 0.555460 0.303739 0.078280 0.135137
5 0.272960 0.314103 0.197760 0.255258
0 0.806610 0.624711 0.335660 0.728085
0 0.761780 0.389985 0.039520 0.143556
0 0.689010 0.365714 0.032180 0.117386
0 0.674560 0.403131 0.046200 0.180061
0 0.964920 0.405137 0.042680 0.187903
0 0.385020 0.405091 0.038800 0.161793
0 0.332920 0.398647 0.029840 0.142280
0 0.615430 0.391793 0.048100 0.184620
0 0.119870 0.416824 0.038060 0.198024
0 0.240690 0.435380 0.056380 0.145653
0 0.039180 0.411246 0.034000 0.202249
0 0.072350 0.420456 0.031540 0.177933
5 0.607020 0.290410 0.055440 0.074802
0 0.747580 0.289468 0.013560 0.047143
