8 0.470227 0.540448 0.812359 0.078646
8 0.612289 0.256646 0.198516 0.032125
8 0.037047 0.271240 0.071313 0.021979
0 0.291336 0.531729 0.030516 0.138167
0 0.396273 0.522156 0.032609 0.161021
0 0.491797 0.557937 0.043562 0.166500
0 0.536336 0.507115 0.050328 0.061771
0 0.655828 0.605365 0.070250 0.130104
0 0.676250 0.506646 0.036781 0.092292
0 0.735867 0.545854 0.039016 0.145833
8 0.814820 0.208479 0.048766 0.016958
0 0.819961 0.554688 0.032297 0.174750
0 0.837594 0.542760 0.023031 0.146812
7 0.820125 0.223500 0.069375 0.042833
0 0.629039 0.533490 0.045234 0.177313
0 0.501812 0.491240 0.022687 0.048396
8 0.423430 0.255896 0.105422 0.032333
