2 0.566141 0.489927 0.112781 0.075521
2 0.613766 0.470427 0.089344 0.050813
2 0.738453 0.474906 0.030219 0.054688
5 0.873297 0.405875 0.253406 0.461333
7 0.248039 0.406948 0.496078 0.343062
7 0.874742 0.438406 0.250516 0.384271
0 0.708797 0.581844 0.072313 0.293729
0 0.670195 0.567240 0.045234 0.292604
0 0.235234 0.608531 0.166781 0.379271
0 0.362273 0.502594 0.048016 0.200854
0 0.021961 0.583333 0.043922 0.313083
0 0.045234 0.534552 0.027687 0.111229
0 0.249438 0.561802 0.070781 0.220229
0 0.281539 0.452031 0.048547 0.104521
0 0.075086 0.555448 0.073516 0.192771
2 0.581688 0.450375 0.028469 0.019208
