2 0.911406 0.566406 0.019563 0.014687
2 0.901375 0.563500 0.023969 0.015958
2 0.466422 0.572615 0.026062 0.019354
0 0.111148 0.651146 0.083391 0.280208
0 0.219344 0.593885 0.021125 0.077937
0 0.682156 0.601927 0.040531 0.097479
0 0.350602 0.601615 0.021484 0.075854
0 0.366094 0.591031 0.019781 0.095771
0 0.447477 0.587437 0.017516 0.044292
0 0.642570 0.588083 0.013797 0.045417
0 0.516969 0.599427 0.020469 0.111979
0 0.531141 0.592333 0.017969 0.076958
0 0.506531 0.615750 0.035344 0.116250
0 0.717938 0.608885 0.036062 0.124771
0 0.779984 0.592917 0.021063 0.081417
2 0.889109 0.566823 0.007812 0.014979
0 0.329219 0.606302 0.011531 0.043146
0 0.503125 0.608333 0.990625 0.145833
