2 0.355797 0.246138 0.064812 0.076972
2 0.536789 0.220153 0.012609 0.013498
2 0.555336 0.238216 0.029141 0.040845
2 0.680023 0.231972 0.029953 0.066854
2 0.528750 0.200387 0.015469 0.009789
2 0.487125 0.229683 0.038969 0.037160
0 0.039383 0.485998 0.078766 0.491009
0 0.128883 0.317641 0.198141 0.511291
2 0.359406 0.227559 0.061125 0.050892
0 0.223680 0.304789 0.064328 0.356056
0 0.287687 0.304073 0.052281 0.199836
0 0.350461 0.309683 0.085109 0.158474
0 0.437477 0.287817 0.071047 0.197183
0 0.503562 0.307570 0.055125 0.167300
0 0.708625 0.314026 0.085750 0.280634
0 0.768633 0.330153 0.069922 0.326080
0 0.856266 0.397981 0.080250 0.431549
0 0.937828 0.451831 0.118281 0.388404
0 0.921719 0.257864 0.052562 0.147934
2 0.568039 0.226667 0.067016 0.045728
0 0.885219 0.196174 0.081063 0.121784
0 0.528906 0.353286 0.764062 0.443662
