0 0.851766 0.876729 0.073313 0.246542
0 0.800867 0.895344 0.048297 0.202146
0 0.748523 0.885229 0.083859 0.229542
0 0.673547 0.859469 0.083187 0.281062
0 0.503078 0.865073 0.089063 0.123479
0 0.444633 0.840260 0.073828 0.257271
0 0.368953 0.831500 0.065625 0.298083
0 0.062828 0.821063 0.039062 0.136667
0 0.072477 0.785375 0.041234 0.157167
0 0.287727 0.833427 0.093172 0.083646
0 0.166070 0.822542 0.042453 0.093583
2 0.909828 0.730802 0.035344 0.025813
2 0.949297 0.728917 0.023187 0.024958
2 0.968586 0.726333 0.011484 0.017333
2 0.756008 0.732490 0.026359 0.017562
2 0.887359 0.729833 0.028594 0.022042
2 0.771305 0.731125 0.019297 0.018667
2 0.746117 0.732531 0.017047 0.013813
0 0.111367 0.794646 0.037578 0.069000
2 0.611352 0.734427 0.014984 0.018479
2 0.645492 0.731302 0.027953 0.017354
0 0.244789 0.799729 0.051172 0.100417
0 0.499219 0.665625 0.985938 0.552083
