2 0.671563 0.235656 0.218406 0.083729
2 0.864031 0.256792 0.194094 0.069042
0 0.244680 0.695073 0.344734 0.587438
0 0.169484 0.253167 0.065625 0.073917
0 0.122555 0.248562 0.041422 0.091000
2 0.378977 0.185042 0.170109 0.052208
2 0.504492 0.256729 0.256547 0.083667
2 0.243406 0.214479 0.228500 0.087542
0 0.807563 0.190344 0.015688 0.038937
0 0.023422 0.245948 0.046844 0.098604
0 0.742523 0.272708 0.048234 0.092542
0 0.765344 0.176448 0.017531 0.022812
0 0.036484 0.581719 0.072969 0.244896
0 0.964086 0.283760 0.071828 0.107188
2 0.947836 0.234573 0.104234 0.081604
7 0.693344 0.189333 0.204594 0.046250
