2 0.128438 0.364157 0.254594 0.179630
2 0.483859 0.314954 0.279906 0.190185
0 0.687891 0.559099 0.227594 0.559630
0 0.893000 0.357887 0.065375 0.253695
0 0.864633 0.298314 0.031109 0.129007
0 0.941891 0.352621 0.057531 0.263626
0 0.054508 0.384700 0.076516 0.197945
0 0.969758 0.340866 0.058859 0.284088
0 0.819703 0.369781 0.052656 0.213972
0 0.284680 0.720023 0.230859 0.368868
0 0.026906 0.424550 0.053812 0.133580
2 0.684492 0.291212 0.244547 0.153972
7 0.307523 0.304792 0.095703 0.141455
2 0.169125 0.300266 0.164938 0.130139
2 0.883578 0.206755 0.066938 0.041178
