6 0.491781 0.473032 0.286937 0.739336
6 0.794609 0.493261 0.410781 0.986522
0 0.066742 0.786739 0.081328 0.319108
0 0.105273 0.609577 0.088828 0.182906
0 0.117742 0.577517 0.072516 0.172975
0 0.190586 0.552952 0.052984 0.248741
0 0.274367 0.392746 0.033141 0.158261
6 0.070055 0.173810 0.140109 0.166522
0 0.342016 0.392597 0.045250 0.188627
0 0.179703 0.544668 0.038687 0.109153
0 0.085430 0.633455 0.104797 0.180366
0 0.312453 0.401373 0.033250 0.128330
0 0.572234 0.453341 0.049875 0.073638
0 0.180383 0.660950 0.057359 0.266522
